2
365
14400
0.000000
0.000000
150000000000.000000
428832000.000000
86400
55.321016
0.369030
149981559661.204335
2572868989.916803
172800
243.389691
3.015263
149918870102.940126
5144978912.320393
259200
564.141247
10.214937
149811952917.553796
7715571020.854331
345600
1017.472110
24.242648
149660842630.091134
10283887117.428984
432000
1603.239945
47.370690
149465586684.868276
12849169769.983348
518400
2321.263715
81.868410
149226245428.468438
15410662529.916866
604800
3171.323732
130.001553
148942892089.172678
17967610149.135810
691200
4153.161741
194.031610
148615612752.833762
20519258796.658973
777600
5266.480994
276.215176
148244506335.202942
23064856274.727679
864000
6510.946348
378.803297
147829684550.720157
25603652234.365320
950400
7886.184367
504.040829
147371271877.778946
28134898390.331866
1036800
9391.783439
654.165794
146869405520.478044
30657848735.419049
1123200
11027.293899
831.408738
146324235366.872376
33171759754.032147
1209600
12792.228169
1037.992095
145735923943.736867
35675890635.004546
1296000
14686.060896
1276.129549
145104646367.857205
38169503483.591524
1382400
16708.229118
1548.025402
144430590293.862374
40651863532.589951
1468800
18858.132424
1855.873942
143713955858.614512
43122239352.530861
1555200
21135.133133
2201.858817
142954955622.172308
45579903060.892123
1641600
23538.556484
2588.152409
142153814505.344863
48024130530.278719
1728000
26067.690828
3016.915213
141310769723.853617
50454201595.518407
1814400
28721.787843
3490.295221
140426070719.120635
52869400259.620827
1900800
31500.062743
4010.427304
139499979085.702221
55269014898.548406
1987200
34401.694514
4579.432606
138532768495.387494
57652338464.747700
2073600
37425.826146
5199.417932
137524724617.982245
60018668689.390126
2160000
40571.564884
5872.475150
136476145038.799057
62367308283.271298
2246400
43837.982481
6600.680591
135387339172.875337
64697565136.318543
2332800
47224.115472
7386.094453
134258628175.941555
67008752515.656436
2419200
50728.965444
8230.760213
133090344852.162675
69300189262.180530
2505600
54351.499324
9136.704043
131882833558.676388
71571199985.589779
2592000
58090.649679
10105.934227
130636450106.952421
73821115257.828462
2678400
61945.315017
11140.440585
129351561660.997857
76049271804.888755
2764800
65914.360103
12242.193909
128028546632.434036
78255012696.925443
2851200
69996.616283
13413.145390
126667794572.471246
80437687536.634567
2937600
74190.881818
14655.226062
125269706060.808085
82596652645.848190
3024000
78495.922226
15970.346249
123834692591.482984
84731271250.297786
3110400
82910.470633
17360.395013
122363176455.706038
86840913662.499107
3196800
87433.228135
18827.239612
120855590621.699928
88924957462.711768
3283200
92062.864165
20372.724966
119312378611.579346
90982787677.927126
3369600
96798.016874
21998.673123
117733994375.298977
93013796958.838418
3456000
101637.293515
23706.882736
116120902161.700719
95017385754.747490
3542400
106579.270840
25499.128541
114473576386.691453
96992962486.362829
3628800
111622.495504
27377.160851
112792501498.583301
98939943716.444006
3715200
116765.484478
29342.705045
111078171840.628953
100857754318.248013
3801600
122006.725468
31397.461075
109331091510.785248
102745827641.733407
3888000
127344.677344
33543.102968
107551774218.738835
104603605677.478538
3974400
132777.770579
35781.278345
105740743140.228358
106430539218.270583
4060800
138304.407694
38113.607945
103898530768.698231
108226088018.322521
4147200
143922.963707
40541.685150
102025678764.319695
109989720950.075586
4233600
149631.786599
43067.075524
100122737800.415467
111720916158.545199
4320000
155429.197778
45691.316360
98190267407.324891
113419161213.168794
4406400
161313.492559
48415.916229
96228835813.747167
115083953257.114420
4492800
167282.940643
51242.354538
94239019785.600787
116714799154.009426
4579200
173335.786613
54172.081104
92221404462.437976
118311215632.049038
4665600
179470.250426
57206.515724
90176583191.453516
119872729425.445066
4752000
185684.527923
60347.047760
88105157359.127961
121398877413.175482
4838400
191976.791338
63595.035735
86007736220.545855
122889206754.996090
4924800
198345.189821
66951.806926
83884936726.430165
124343275024.675990
5011200
204787.849956
70418.656979
81737383347.934778
125760650340.419069
5097600
211302.876302
73996.849523
79565707899.237485
127140911492.434229
5184000
217888.351926
77687.615797
77370549357.976488
128483648067.617614
5270400
224542.338949
81492.154286
75152553683.574090
129788460571.310599
5356800
231262.879100
85411.630362
72912373633.491801
131054960546.097875
5443200
238047.994268
89447.175937
70650668577.461694
132282770687.610482
5529600
244895.687071
93599.889128
68368104309.739472
133471524957.299225
5616000
251803.941422
97870.833924
66065352859.425258
134620868692.144456
5702400
258770.723103
102261.039866
63743092298.898738
135730458711.268806
5788800
265793.980349
106771.501742
61402006550.415878
136799963419.420025
5875200
272871.644427
111403.179278
59042785190.914993
137829062907.291689
5961600
280001.630235
116156.996854
56666123255.080574
138817449048.650149
6048000
287181.836890
121033.843217
54272721036.713808
139764825594.236731
6134400
294410.148335
126034.571213
51863283888.459344
140670908262.414790
6220800
301684.433940
131159.997520
49438522019.938402
141535424826.531916
6307200
309002.549117
136410.902403
46999150294.338904
142358115198.968209
6393600
316362.335929
141788.029464
44545888023.513866
143138731511.842224
6480000
323761.623715
147292.085417
42079458761.639842
143877038194.346862
6566400
331198.229708
152923.739860
39600590097.487790
144572812046.688179
6652800
338669.959664
158683.625068
37110013445.359232
145225842310.600781
6739200
346174.608496
164572.335791
34608463834.741182
145835930736.414203
6825600
353709.960904
170590.429060
32096679698.733805
146402891646.645377
6912000
361273.792016
176738.424012
29575402661.305337
146926551996.093058
6998400
368863.868030
183016.801715
27045377323.429292
147406751428.410825
7084800
376477.946856
189426.005013
24507351048.159531
147843342329.136025
7171200
384113.778766
195966.438375
21962073744.699256
148236189875.152823
7257600
391769.107045
202638.467758
19410297651.520512
148585172080.568322
7344000
399441.668644
209442.420483
16852777118.591266
148890179838.981499
7430400
407129.194834
216378.585114
14290268388.767638
149151116962.125535
7516800
414829.411865
223447.211355
11723529378.409313
149367900214.864962
7603200
422540.041628
230648.509960
9153319457.276665
149540459346.529859
7689600
430258.802317
237982.652644
6580399227.768569
149668737118.570239
7776000
437983.409089
245449.772014
4005530303.560327
149752689328.514585
7862400
445711.574737
253049.961509
1429475087.701589
149792284830.217437
7948800
453441.010349
260783.275349
-1147003449.765416
149787505550.381766
8035200
461169.425984
268649.728496
-3723141994.606627
149738346501.342851
8121600
468894.531335
276649.296630
-6298177111.554712
149644815790.101250
8208000
476614.036403
284781.916129
-8871345467.763921
149506934623.593407
8294400
484325.652169
293047.484069
-11441884056.499298
149324737310.189419
8380800
492027.091263
301445.858228
-14009030420.997948
149098271257.408397
8467200
499716.068635
309976.857102
-16572022878.439704
148827596965.842889
8553600
507390.302232
318640.259942
-19130100743.964177
148512788019.284792
8640000
515047.513664
327435.806787
-21682504554.670853
148153931071.046184
8726400
522685.428881
336363.198521
-24228476293.538568
147751125826.469546
8812800
530301.778840
345422.096935
-26767259613.200394
147304485021.622856
8899200
537894.300179
354612.124805
-29298100059.509690
146814134398.176070
8985600
545460.735884
363932.865977
-31820245294.832768
146280212674.456604
9072000
552998.835963
373383.865462
-34332945321.003405
145702871512.682430
9158400
560506.358106
382964.629553
-36835452701.874164
145082275482.372545
9244800
567981.068356
392674.625940
-39327022785.399274
144418602019.935615
9331200
575420.741776
402513.283847
-41806913925.183610
143712041384.438721
9417600
582823.163104
412479.994171
-44274387701.432133
142962796609.559242
9504000
590186.127424
422574.109645
-46728709141.233968
142171083451.724030
9590400
597507.440814
432794.944997
-49169146938.115157
141337130334.441172
9676800
604784.921012
443141.777134
-51594973670.794000
140461178288.830781
9763200
612016.398063
453613.845329
-54005466021.072760
139543480890.362397
9849600
619199.714972
464210.351425
-56399904990.799451
138584304191.807778
9936000
626332.728353
474930.460043
-58777576117.833328
137583926652.418986
10022400
633413.309073
485773.298810
-61137769690.947673
136542639063.342914
10108800
640439.342891
496737.958592
-63479780963.603424
135460744469.284534
10195200
647408.731100
507823.493741
-65802910366.527207
134338558086.432395
10281600
654319.391157
519028.922350
-68106463719.027328
133176407216.661077
10368000
661169.257317
530353.226526
-70389752438.981348
131974631158.026535
10454400
667956.281254
541795.352665
-72652093751.428894
130733581111.571482
10540800
674678.432687
553354.211747
-74892810895.703489
129453620084.459205
10627200
681333.699993
565028.679632
-77111233331.037242
128135122789.455414
10713600
687920.090822
576817.597378
-79306696940.572431
126778475540.779000
10800000
694435.632701
588719.771561
-81478544233.714125
125384076146.343781
10886400
700878.373640
600733.974611
-83626124546.758205
123952333796.414607
10972800
707246.382725
612858.945154
-85748794241.729340
122483668948.702423
11059200
713537.750710
625093.388370
-87845916903.363722
120978513209.924136
11145600
719750.590603
637435.976358
-89916863534.171616
119437309213.854433
11232000
725883.038243
649885.348512
-91961012747.515070
117860510495.897901
11318400
731933.252876
662440.111907
-93977750958.636458
116248581364.211117
11404800
737899.417721
675098.841698
-95966472573.573860
114601996767.405598
11491200
743779.740528
687860.081523
-97926580175.899648
112921242158.863798
11577600
749572.454134
700722.343927
-99857484711.219058
111206813357.701570
11664000
755275.817008
713684.110781
-101758605669.365946
109459216406.411799
11750400
760888.113793
726743.833724
-103629371264.233369
107678967425.225171
11836800
766407.655834
739899.934610
-105469218611.177127
105866592463.225270
11923200
771832.781706
753150.805961
-107277593901.930905
104022627346.256507
12009600
777161.857731
766494.811435
-109053952576.972173
102147617521.664572
12096000
782393.278486
779930.286300
-110797759495.278607
100242117899.910396
12182400
787525.467304
793455.537921
-112508489101.415339
98306692693.099833
12268800
792556.876770
807068.846249
-114185625589.894003
96341915250.472502
12355200
797485.989200
820768.464327
-115828663066.745169
94348367890.894463
12441600
802311.317125
834552.618803
-117437105708.246463
92326641732.400631
12528000
807031.403750
848419.510443
-119010467916.749340
90277336518.834035
12614400
811644.823421
862367.314669
-120548274473.548258
88201060443.630227
12700800
816150.182066
876394.182088
-122050060688.736725
86098429970.796364
12787200
820546.117644
890498.239041
-123515372547.995518
83970069653.135641
12873600
824831.300569
904677.588157
-124943766856.259159
81816611947.768945
12960000
829004.434135
918930.308913
-126334811378.207631
79638697029.006764
13046400
833064.254927
933254.458204
-127688084975.531137
77436972598.625501
13132800
837009.533223
947648.070919
-129003177740.916667
75212093693.603527
13219200
840839.073386
962109.160526
-130279691128.706033
72964722491.373376
13305600
844551.714247
976635.719662
-131517238082.176018
70695528112.647631
13392000
848146.329472
991225.720734
-132715443157.392252
68405186421.877104
13478400
851621.827931
1005877.116524
-133873942643.589479
66094379825.401015
13564800
854977.154040
1020587.840798
-134992384680.031879
63763797067.349906
13651200
858211.288108
1035355.808930
-136070429369.308226
61414133023.363077
13737600
861323.246661
1050178.918523
-137107748887.017715
59046088492.183335
13824000
864312.082763
1065055.050044
-138104027587.803458
56660369985.192856
13910400
867176.886323
1079982.067458
-139058962107.691762
54257689513.954935
13996800
869916.784388
1094957.818873
-139972261462.696493
51838764375.827335
14083200
872530.941431
1109980.137187
-140843647143.649034
49404316937.713913
14169600
875018.559622
1125046.840746
-141672853207.215554
46955074418.022079
14256000
877378.879089
1140155.733999
-142459626363.064565
44491768666.894551
14342400
879611.178171
1155304.608166
-143203726057.149003
42015135944.784716
14428800
881714.773653
1170491.241902
-143904924551.068388
39525916699.445765
14515200
883689.020992
1185713.401976
-144563006997.477893
37024855341.404553
14601600
885533.314535
1200968.843946
-145177771511.512531
34512700017.991954
14688000
887247.087715
1216255.312842
-145749029238.196015
31990202386.002199
14774400
888829.813247
1231570.543851
-146276604415.805208
29458117383.054465
14860800
890281.003305
1246912.263007
-146760334435.162518
26917202997.730636
14947200
891600.209684
1262278.187884
-147200069894.829970
24368220038.563858
15033600
892787.023957
1277666.028294
-147595674652.180168
21811931901.953157
15120000
893841.077611
1293073.486983
-147947025870.320789
19249104339.079982
15206400
894762.042183
1308498.260334
-148254014060.850728
16680505221.903138
15292800
895549.629367
1323938.039075
-148516543122.427524
14106904308.309110
15379200
896203.591125
1339390.508981
-148734530375.127177
11529073006.495311
15465600
896723.719772
1354853.351584
-148907906590.579011
8947784138.664269
15552000
897109.848054
1370324.244888
-149036616017.859761
6363811704.107219
15638400
897361.849215
1385800.864075
-149120616405.132614
3777930641.755996
15724800
897479.637051
1401280.882223
-149159879017.018510
1190916592.282503
15811200
897463.165943
1416761.971021
-149154388647.688563
-1396454340.174609
15897600
897312.430889
1432241.801480
-149104143629.668060
-3983405826.576098
15984000
897027.467515
1447718.044655
-149009155838.344105
-6569161551.760899
16070400
896608.352077
1463188.372360
-148869450692.170539
-9152945453.356998
16156800
896055.201446
1478650.457882
-148685067148.565444
-11733981960.743743
16243200
895368.173086
1494101.976702
-148456057695.498094
-14311496233.984697
16329600
894547.465016
1509540.607208
-148182488338.763895
-16884714402.650019
16416000
893593.315755
1524964.031413
-147864438584.947466
-19452863804.447269
16502400
892506.004260
1540369.935671
-147502001420.075657
-22015173223.579430
16588800
891285.849852
1555756.011386
-147095283283.963936
-24570873128.748945
16675200
889933.212121
1571119.955732
-146644404040.261242
-27119195910.726544
16761600
888448.490827
1586459.472358
-146149496942.200022
-29659376119.403698
16848000
886832.125782
1601772.272101
-145610708594.059850
-32190650700.247613
16934400
885084.596725
1617056.073690
-145028198908.354630
-34712259230.077788
17020800
883206.423176
1632308.604456
-144402141058.755085
-37223444152.083326
17107200
881198.164286
1647527.601030
-143732721428.759844
-39723451010.000373
17193600
879060.418668
1662710.810044
-143020139556.130088
-42211528681.369291
17280000
876793.824219
1677855.988829
-142264608073.104359
-44686929609.791442
17366400
874399.057927
1692960.906108
-141466352642.411782
-47148910036.105769
17452800
871876.835667
1708023.342685
-140625611889.103546
-49596730228.405681
17539200
869227.911985
1723041.092132
-139742637328.224149
-52029654710.817155
17625600
866453.079865
1738011.961473
-138817693288.345497
-54446952490.959379
17712000
863553.170493
1752933.771858
-137851056830.988565
-56847897286.009680
17798400
860529.052998
1767804.359242
-136843017665.958922
-59231767747.295035
17884800
857381.634188
1782621.575050
-135793878062.624009
-61597847683.332920
17971200
854111.858271
1797383.286844
-134703952757.161617
-63945426281.244864
18057600
850720.706567
1812087.378979
-133573568855.810592
-66273798326.466641
18144000
847209.197202
1826731.753262
-132403065734.156338
-68582264420.679703
18230400
843578.384797
1841314.329594
-131192794932.485196
-70870131197.889071
18316800
839829.360142
1855833.046616
-129943120047.243332
-73136711538.573665
18403200
835963.249856
1870285.862346
-128654416618.637247
-75381324781.835747
18489600
831981.216043
1884670.754806
-127327072014.414498
-77603296935.476944
18576000
827884.455930
1898985.722652
-125961485309.864702
-79801960883.929111
18662400
823674.201492
1913228.785782
-124558067164.082341
-81976656593.969149
18748800
819351.719078
1927397.985954
-123117239692.534288
-84126731318.147745
18835200
814918.309008
1941491.387388
-121639436335.976427
-86251539795.862915
18921600
810375.305177
1955507.077356
-120125101725.765070
-88350444452.010155
19008000
805724.074637
1969443.166779
-118574691545.610285
-90422815593.141986
19094400
800966.017169
1983297.790803
-116988672389.819559
-92468031601.070655
19180800
796102.564854
1997069.109372
-115367521618.081546
-94485479123.848787
19267200
791135.181621
2010755.307792
-113711727206.840957
-96474553264.063846
19353600
786065.362792
2024354.597293
-112021787597.316877
-98434657764.383316
19440000
780894.634621
2037865.215571
-110298211540.218082
-100365205190.288655
19526400
775624.553812
2051285.427330
-108541517937.210114
-102265617109.937199
19612800
770256.707038
2064613.524813
-106752235679.190054
-104135324271.092331
19699200
764792.710444
2077847.828325
-104930903481.426129
-105973766775.063459
19785600
759234.209147
2090986.686743
-103078069715.620374
-107780394247.598535
19872000
753582.876717
2104028.478020
-101194292238.953709
-109554666006.673068
19958400
747840.414661
2116971.609681
-99280138220.173841
-111296051227.120886
20044800
742008.551888
2129814.519306
-97336183962.787452
-113004029102.053138
20131200
736089.044176
2142555.675003
-95363014725.419148
-114678089001.013349
20217600
730083.673618
2155193.575874
-93361224539.400624
-116317730624.817682
20304000
723994.248071
2167726.752471
-91331416023.654437
-117922464157.030851
20390400
717822.600591
2180153.767236
-89274200196.937717
-119491810412.029559
20476800
711570.588863
2192473.214939
-87190196287.512015
-121025300979.606649
20563200
705240.094621
2204683.723098
-85080031540.306347
-122522478366.070601
20649600
698833.023065
2216783.952395
-82944341021.641301
-123982896131.796389
20736000
692351.302265
2228772.597076
-80783767421.582885
-125406119025.185155
20822400
685796.882562
2240648.385339
-78598960853.995505
-126791723112.991602
20908800
679171.735963
2252410.079721
-76390578654.364229
-128139295906.979445
20995200
672477.855526
2264056.477461
-74159285175.457126
-129448436486.866738
21081600
665717.254743
2275586.410859
-71905751580.899168
-130718755619.524396
21168000
658891.966910
2286998.747623
-69630655636.729747
-131949875874.392670
21254400
652004.044503
2298292.391205
-67334681501.016493
-133141431735.081882
21340800
645055.558535
2309466.281121
-65018519511.598567
-134293069707.125215
21427200
638048.597916
2320519.393266
-62682865972.033163
-135404448421.852866
21513600
630985.268807
2331450.740209
-60328422935.819402
-136475238736.358402
21600000
623867.693967
2342259.371489
-57955897988.974229
-137505123829.529681
21686400
616698.012093
2352944.373882
-55566004031.035375
-138493799294.118258
21772800
609478.377164
2363504.871674
-53159459054.566752
-139440973224.822684
21859200
602210.957770
2373940.026907
-50736985923.242046
-140346366302.362715
21945600
594897.936446
2384249.039621
-48299312148.582521
-141209711873.522936
22032000
587541.508996
2394431.148081
-45847169665.425350
-142030756027.145890
22118400
580143.883819
2404485.628998
-43381294606.198992
-142809257666.056318
22204800
572707.281222
2414411.797725
-40902427074.082345
-143544988574.899693
22291200
565233.932745
2424209.008452
-38411310915.124559
-144237733483.879754
22377600
557726.080468
2433876.654385
-35908693489.402523
-144887290128.381296
22464000
550185.976324
2443414.167913
-33395325441.293122
-145493469304.466020
22550400
542615.881407
2452821.020761
-30871960468.937441
-146056094920.230777
22636800
535018.065279
2462096.724129
-28339355092.974089
-146575004043.019066
22723200
527394.805274
2471240.828827
-25798268424.618828
-147050046942.478194
22809600
519748.385800
2480252.925388
-23249461933.167648
-147481087129.456003
22896000
512081.097639
2489132.644172
-20693699213.000348
-147868001390.732601
22982400
504395.237250
2497879.655459
-18131745750.161573
-148210679819.584030
23068800
496693.106066
2506493.669527
-15564368688.596148
-148509025842.176303
23155200
488977.009788
2514974.436719
-12992336596.115335
-148762956239.789744
23241600
481249.257691
2523321.747501
-10416419230.170472
-148972401166.875017
23328000
473512.161911
2531535.432495
-7837387303.510216
-149137304164.943729
23414400
465768.036749
2539615.362517
-5256012249.797337
-149257622172.297919
23500800
458019.197968
2547561.448589
-2673065989.260736
-149333325529.604215
23587200
450267.962083
2555373.641944
-89320694.458020
-149364397981.319861
23673600
442516.645669
2563051.934019
2494451443.776358
-149350836672.979224
23760000
434767.564650
2570596.356433
5077478450.122787
-149292652144.350825
23846400
427023.033605
2578006.980955
7658988798.233804
-149189868318.476292
23932800
419285.365069
2585283.919460
10238211643.783229
-149042522486.604036
24019200
411556.868829
2592427.323867
12814377057.033816
-148850665289.031800
24105600
403839.851235
2599437.386076
15386716254.850588
-148614360691.873569
24192000
396136.614504
2606314.337879
17954461832.087530
-148333685959.767659
24278400
388449.456023
2613058.450874
20516847992.275843
-148008731624.544120
24364800
380780.667667
2619670.036350
23073110777.542550
-147639601449.870863
24451200
373132.535107
2626149.445176
25622488297.688786
-147226412391.899203
24537600
365507.337125
2632497.067668
28164220958.357761
-146769294555.930771
24624000
357907.344935
2638713.333447
30697551688.222951
-146268391149.128962
24710400
350334.821505
2644798.711288
33221726165.127805
-145723858429.299331
24796800
342792.020877
2650753.708949
35735993041.108833
-145135865649.764510
24883200
335281.187501
2656578.873001
38239604166.234720
-144504595000.360425
24969600
327804.555566
2662274.788634
40731814811.194766
-143830241544.581735
25056000
320364.348334
2667842.079459
43211883888.570703
-143113013152.905543
25142400
312962.777482
2673281.407297
45679074172.726699
-142353130432.323545
25228800
305602.042445
2678593.471956
48132652518.253107
-141550826652.113892
25315200
298284.329769
2683779.010998
50571890076.900321
-140706347665.885077
25401600
291011.812461
2688838.799490
52996062512.939894
-139819951829.925239
25488000
283786.649349
2693773.649754
55404450216.890885
-138891909917.891283
25574400
276610.984447
2698584.411096
57796338517.550260
-137922505031.873220
25660800
269486.946323
2703271.969530
60171017892.266977
-136912032509.870129
25747200
262416.647474
2707837.247489
62527784175.400297
-135860799829.715075
25833600
255402.183705
2712281.203528
64865938764.903698
-134769126509.487279
25920000
248445.633519
2716604.832013
67184788826.976677
-133637344004.450732
26006400
241549.057504
2720809.162802
69483647498.727620
-132465795600.559344
26092800
234714.497734
2724895.260914
71761834088.791833
-131254836304.569586
26179200
227943.977172
2728864.226192
74018674275.849741
-130004832730.802421
26265600
221239.499085
2732717.192954
76253500304.991207
-128716162984.597157
26352000
214603.046454
2736455.329628
78465651181.872858
-127389216542.500634
26438400
208036.581406
2740079.838388
80654472864.616246
-126024394129.235950
26524800
201542.044640
2743591.954774
82819318453.395650
-124622107591.495678
26611200
195121.354867
2746992.947306
84959548377.665282
-123182779768.605242
26697600
188776.408257
2750284.117080
87074530580.976618
-121706844360.102870
26784000
182509.077890
2753466.797371
89163640703.337589
-120194745790.283162
26870400
176321.213217
2756542.353209
91226262261.066321
-118646939069.752034
26956800
170214.639528
2759512.180962
93261786824.093119
-117063889654.041410
27043200
164191.157428
2762377.707898
95269614190.665384
-115446073299.332644
27129600
158252.542322
2765140.391746
97249152559.411153
-113793975915.338265
27216000
152400.543904
2767801.720246
99199818698.717947
-112108093415.392215
27302400
146636.885660
2770363.210691
101121038113.384641
-110388931563.799277
27388800
140963.264374
2772826.409461
103012245208.505046
-108637005820.494942
27475200
135381.349648
2775192.891549
104872883450.542936
-106852841183.067461
27561600
129892.783423
2777464.260079
106702405525.559249
-105036972026.194327
27648000
124499.179516
2779642.145816
108500273494.553214
-103189941938.545869
27734400
119202.123162
2781728.206672
110265958945.880167
-101312303557.209119
27820800
114003.170566
2783724.127199
111998943144.709821
-99404618399.685524
27907200
108903.848462
2785631.618081
113698717179.489817
-97467456693.516458
27993600
103905.653684
2787452.415611
115364782105.380325
-95501397203.590906
28080000
99010.052746
2789188.281172
116996649084.626551
-93507027057.190044
28166400
94218.481428
2790841.000700
118593839523.836971
-91484941566.823761
28252800
89532.344376
2792412.384153
120155885208.136131
-89435744050.914532
28339200
84953.014704
2793904.264957
121682328432.161888
-87360045652.384325
28425600
80481.833616
2795318.499466
123172722127.877927
-85258465155.200532
28512000
76120.110032
2796656.966397
124626629989.173440
-83131628798.937177
28598400
71869.120220
2797921.566274
126043626593.222812
-80980170091.407889
28684800
67730.107444
2799114.220858
127423297518.579183
-78804729619.427402
28771200
63704.281620
2800236.872573
128765239459.976736
-76605954857.758510
28857600
59792.818981
2801291.483929
130069060339.817544
-74384499976.301637
28944000
55996.861751
2802280.036937
131334379416.319812
-72141025645.584361
29030400
52317.517835
2803204.532522
132560827388.305300
-69876198840.608375
29116800
48755.860510
2804066.989929
133748046496.604725
-67590692643.111551
29203200
45312.928134
2804869.446127
134895690622.060864
-65285186042.302869
29289600
41989.723860
2805613.955202
136003425380.110098
-62960363734.128128
29376000
38787.215364
2806302.587757
137070928211.924032
-60616915919.124429
29462400
35706.334584
2806937.430297
138097888472.093845
-58255538098.921535
29548800
32747.977461
2807520.584614
139084007512.840916
-55876930871.448258
29635200
29913.003706
2808054.167175
140028998764.738243
-53481799724.902109
29721600
27202.236558
2808540.308492
140932587813.928108
-51070854830.540490
29808000
24616.462573
2808981.152503
141794512475.822337
-48644810834.351713
29894400
22156.431404
2809378.855943
142614522865.272475
-46204386647.664199
29980800
19822.855610
2809735.587710
143392381463.198065
-43750305236.752158
30067200
17616.410461
2810053.528234
144127863179.662166
-41283293411.496117
30153600
15537.733760
2810334.868839
144820755413.384106
-38804081613.156569
30240000
13587.425677
2810581.811104
145470858107.680416
-36313403701.319054
30326400
11766.048592
2810796.566220
146077983802.825711
-33811996740.068901
30412800
10074.126946
2810981.354350
146641957684.826237
-31300600783.453827
30499200
8512.147108
2811138.403981
147162617630.599614
-28779958660.292520
30585600
7080.557251
2811269.951275
147639814249.555217
-26250815758.387271
30672000
5779.767235
2811378.239425
148073410921.570473
-23713919808.198618
30758400
4610.148506
2811465.517998
148463283831.359209
-21170020666.039900
30844800
3572.034002
2811534.042291
148809321999.229052
-18619870096.849491
30931200
2665.718075
2811586.072670
149111427308.225678
-16064221556.598390
31017600
1891.456417
2811623.873923
149369514527.662590
-13503829974.390713
31104000
1249.466001
2811649.714603
149583511333.035896
-10939451534.314517
31190400
739.925033
2811665.866371
149753358322.324388
-8371843457.100231
31276800
362.972914
2811674.603345
149879009028.676026
-5801763781.643846
31363200
118.710212
2811678.201439
149960429929.482757
-3229971146.451828
31449600
7.198644
2811678.937713
149997600451.846374
-657224571.064615
